-0.174205706 -0.549745619 -0.816965222
-0.538958430 -0.208924890 -0.816011190
-0.665428519 -0.457478344 -0.589846134
-0.722999275 -0.176191956 -0.668003321
-0.119458780 -0.398406506 -0.909396410
-0.155095831 -0.018126637 -0.987733126
-0.595535576 -0.754778385 -0.275039971
-0.443662822 -0.747731924 -0.494024664
-0.774921715 -0.399935752 -0.489436120
0.003807552 -0.634050250 -0.773282409
0.010599931 -0.568133473 -0.822868109
0.090236567 -0.585870504 -0.805365205
0.260951817 -0.720066130 -0.642968953
0.449810266 -0.627695978 -0.635349095
0.514017105 -0.583388686 -0.628843367
0.457907289 -0.347320318 -0.818345606
0.090022959 -0.004420025 -0.995929837
0.671324730 -0.194896802 -0.715079308
0.426737010 -0.902978241 -0.050257787
0.624077380 -0.623441577 -0.471007258
0.988573968 -0.144505471 -0.042892281
-0.600130618 0.113594048 -0.791795194
-0.857296526 0.073320046 -0.509575188
-0.654863417 0.308599263 -0.689869881
-0.689791560 0.295158356 -0.661112010
-0.695082664 0.323086143 -0.642242491
-0.204420313 0.404697984 -0.891309083
-0.009453763 0.435383022 -0.900195658
-0.421365827 0.617908716 -0.663806975
-0.963123679 0.020494686 -0.268277436
-0.960436702 0.080394268 -0.266642541
-0.805074036 0.397651702 -0.440146506
-0.985221207 0.024896674 -0.169468015
-0.669827938 0.640800536 -0.375106812
-0.621964574 0.780183733 -0.066884451
0.172434375 0.423221737 -0.889465988
0.398518890 0.386060208 -0.831949651
0.368531108 0.734583318 -0.569712400
0.677365243 0.582577586 -0.449198991
0.656840265 0.607266128 -0.446977407
0.679791212 0.664855838 -0.309597671
0.630284071 0.763907194 -0.138519809
0.584015310 0.811643064 -0.012712202
-0.759551466 -0.650255620 0.015790120
-0.756095946 -0.609202683 0.239146784
-0.266863585 -0.963420808 0.024582233
-0.315718144 -0.878606498 0.358291328
-0.637926877 -0.509163439 0.577755809
-0.534612656 -0.617661297 0.576787591
-0.508274078 -0.537802577 0.672626078
-0.647680461 -0.471081316 0.598825932
-0.727439165 -0.190271020 0.659264147
-0.268925577 -0.435944408 0.858854711
-0.236547902 -0.258532017 0.936592937
0.348485291 -0.811282158 0.469445765
0.623005867 -0.782053351 0.016007829
0.631726444 -0.772868812 0.059961993
0.741740942 -0.384786993 0.549326301
0.596368432 -0.375773460 0.709322870
0.632054865 -0.115897894 0.766207755
-0.985359073 0.083509438 0.148639217
-0.544946313 0.835173666 0.074285530
-0.640104651 0.658569276 0.395667136
-0.136719197 0.879565537 0.455710739
-0.595291317 0.423661798 0.682743609
-0.337540537 0.392009795 0.855800688
-0.083760783 0.770018458 0.632499576
0.976674080 0.194292709 0.091422834
0.961249053 0.253517687 0.108300589
0.921507776 0.025209541 0.387540817
0.904906213 0.268201143 0.330473661
0.649077952 0.749312639 0.131256387
0.635916233 0.756985307 0.150279358
0.665664375 0.675491869 0.317177743
0.663232088 0.658066571 0.356470972
0.450617373 0.201444000 0.869692028
0.401297361 0.244039819 0.882839143
0.808565378 0.097751968 0.580229819
0.296146929 0.742898107 0.600332737
0.495812804 0.658458591 0.566217244
