0.065298781 0.037539322 0.060699601 0.006529878
0.153943956 0.028631192 0.056300182 0.015394396
0.131654635 0.101139762 0.117609829 0.013165464
0.226017371 0.084669277 0.070832789 0.022601737
0.068118624 0.154007033 0.073402494 0.006811862
0.060475085 0.192871004 0.076187544 0.006047509
0.139342248 0.189969778 0.031363349 0.013934225
0.090013780 0.055274300 0.145839840 0.009001378
0.210542202 0.082434975 0.218571380 0.021054221
0.058216028 0.145929769 0.176047131 0.005821603
0.071909256 0.131801397 0.185106248 0.007190926
0.060600117 0.228174344 0.203750119 0.006060012
0.164863870 0.144210294 0.175234422 0.016486388
0.136463925 0.250071019 0.177755997 0.013646393
0.339873940 0.055582818 0.038236693 0.033987395
0.492327034 0.118561864 0.099937245 0.049232703
0.311889708 0.228171349 0.059082124 0.031188970
0.331776649 0.189990357 0.024753254 0.033177666
0.305944443 0.244247764 0.084153071 0.030594444
0.346796781 0.227032855 0.103068590 0.034679677
0.376731992 0.229331240 0.048069213 0.037673201
0.368815631 0.098799579 0.154517621 0.036881562
0.256738424 0.020844858 0.202170208 0.025673842
0.474594951 0.172425181 0.136282295 0.047459494
0.409297734 0.211310849 0.185909778 0.040929776
0.438404143 0.206524551 0.146691754 0.043840416
0.177152082 0.308529496 0.027115362 0.017715208
0.171414986 0.372625440 0.002505083 0.017141499
0.241083011 0.317873567 0.074526787 0.024108302
0.106842116 0.375940561 0.026775265 0.010684212
0.111215740 0.495121777 0.023378912 0.011121574
0.081589110 0.387895137 0.085900567 0.008158911
0.025988512 0.491518289 0.078680307 0.002598851
0.074858196 0.479917198 0.083814994 0.007485820
0.240069643 0.401546568 0.053927872 0.024006965
0.223455310 0.411200225 0.045840010 0.022345532
0.162219286 0.487021595 0.019344848 0.016221929
0.199570596 0.471962303 0.093009353 0.019957060
0.012269562 0.264032900 0.132227838 0.001226956
0.090350635 0.315431088 0.173998594 0.009035064
0.101227015 0.329165816 0.163710788 0.010122702
0.080924027 0.283715606 0.235314026 0.008092402
0.141854033 0.436248839 0.167465165 0.014185403
0.262898505 0.373413235 0.030272622 0.026289850
0.439794064 0.299207419 0.041674022 0.043979406
0.459163725 0.292827338 0.068258405 0.045916375
0.480130285 0.368504703 0.090484008 0.048013028
0.310485184 0.430175811 0.015910637 0.031048520
0.354569405 0.420086741 0.006678771 0.035456941
0.373649567 0.437757701 0.002586349 0.037364956
0.344191909 0.487684131 0.000772379 0.034419190
0.417733252 0.401504338 0.015583680 0.041773327
0.431325048 0.491973698 0.062641189 0.043132506
0.466044903 0.453131497 0.109800532 0.046604492
0.467723817 0.496408165 0.118856966 0.046772383
0.434324801 0.292747021 0.192005768 0.043432482
0.325608313 0.439315259 0.186944067 0.032560833
0.351192325 0.404160619 0.236923620 0.035119232
0.315187544 0.418330282 0.220960602 0.031518754
0.336215585 0.462870955 0.244036630 0.033621561
0.449057728 0.465376109 0.170656949 0.044905774
0.482639343 0.483917207 0.167666912 0.048263934
0.493721396 0.425953984 0.224873722 0.049372140
0.107435524 0.020203799 0.257627398 0.010743553
0.110108696 0.056998305 0.365115613 0.011010869
0.098528892 0.088093422 0.357727259 0.009852889
0.153715774 0.013948033 0.285505980 0.015371578
0.181208372 0.109491833 0.280341595 0.018120838
0.038555861 0.129876569 0.271681130 0.003855586
0.028510306 0.221050471 0.327406257 0.002851031
0.108744808 0.220719665 0.358878225 0.010874481
0.011104578 0.029114716 0.396512300 0.001110458
0.047274850 0.004255367 0.410841942 0.004727485
0.093619697 0.116476052 0.415552467 0.009361970
0.124527566 0.070237607 0.439675033 0.012452757
0.079655759 0.063236155 0.472443372 0.007965576
0.218850061 0.111628495 0.419227093 0.021885006
0.220901027 0.113472335 0.423267126 0.022090103
0.127509624 0.017141584 0.441394001 0.012750963
0.188189238 0.083041377 0.490283728 0.018818924
0.250090778 0.131787032 0.491796792 0.025009079
0.246487215 0.184323639 0.486276835 0.024648722
0.133707419 0.191097111 0.448850483 0.013370742
0.134640679 0.240050271 0.466509372 0.013464068
0.306540608 0.022277208 0.343110055 0.030654062
0.344348192 0.031661581 0.336256564 0.034434821
0.457458943 0.000047138 0.275418997 0.045745894
0.485262573 0.109908119 0.374919593 0.048526257
0.296848148 0.157615826 0.273787618 0.029684816
0.395894051 0.201410636 0.292559922 0.039589405
0.361025959 0.084739089 0.440702468 0.036102597
0.457584798 0.076327756 0.417136341 0.045758482
0.363823771 0.136674225 0.401646376 0.036382377
0.257363468 0.192483842 0.387941629 0.025736347
0.434075207 0.243696690 0.482999355 0.043407522
0.061804548 0.367265910 0.293329954 0.006180455
0.108954817 0.357819259 0.292792946 0.010895482
0.066154651 0.351356328 0.321316749 0.006615465
0.068785980 0.368261009 0.327892482 0.006878598
0.217361927 0.277607143 0.374649644 0.021736193
0.174936220 0.346012235 0.356048912 0.017493622
0.077302150 0.452037632 0.308342129 0.007730215
0.068828233 0.407684147 0.322003275 0.006882824
0.114074215 0.476628780 0.348452151 0.011407422
0.245621890 0.414271951 0.322039425 0.024562189
0.240174815 0.478637964 0.333215922 0.024017481
0.147506312 0.277504623 0.426042110 0.014750632
0.052130170 0.375535190 0.459170014 0.005213017
0.108108349 0.498258859 0.452940524 0.010810835
0.145334095 0.422248900 0.377017975 0.014533410
0.144609228 0.432194591 0.465383261 0.014460923
0.168765664 0.487735242 0.467905670 0.016876567
0.465420306 0.303003877 0.300082952 0.046542030
0.466457367 0.364199579 0.278414071 0.046645738
0.482739508 0.318561614 0.286958486 0.048273951
0.396912187 0.347731858 0.365178466 0.039691221
0.419327796 0.372363448 0.355699003 0.041932780
0.268161923 0.443502009 0.285797000 0.026816193
0.381314367 0.426495075 0.343246341 0.038131438
0.282142639 0.307543546 0.434379160 0.028214265
0.277875870 0.346261919 0.408718199 0.027787587
0.342014104 0.363187701 0.433072388 0.034201410
0.269694656 0.430639893 0.418612987 0.026969466
0.259854585 0.440292984 0.382652491 0.025985459
0.308662146 0.430247635 0.484233677 0.030866215
0.465339929 0.423761666 0.400009751 0.046533994
0.487259328 0.495005518 0.411425024 0.048725933
0.603281617 0.007292882 0.034733221 0.060328163
0.549689710 0.071740799 0.000138307 0.054968972
0.658616185 0.062317111 0.109179646 0.065861620
0.711835325 0.002011144 0.079957835 0.071183532
0.634399176 0.083903007 0.082197756 0.063439921
0.553896725 0.150069788 0.018969446 0.055389673
0.501878679 0.187154159 0.118455827 0.050187867
0.554975629 0.229042381 0.105162852 0.055497564
0.583352625 0.015334120 0.193352804 0.058335263
0.609994411 0.040339619 0.233768329 0.060999442
0.720082462 0.101700224 0.171581566 0.072008245
0.693708599 0.006902637 0.197211340 0.069370858
0.667359293 0.100873172 0.248946503 0.066735931
0.749313772 0.124282561 0.243471578 0.074931376
0.607220292 0.131924525 0.128609702 0.060722031
0.557150543 0.214085713 0.131548345 0.055715054
0.529349864 0.248083517 0.239722267 0.052934986
0.703904808 0.188150227 0.199952289 0.070390485
0.701212704 0.238346919 0.244444773 0.070121273
0.871912301 0.077894494 0.045006216 0.087191232
0.793044686 0.059643973 0.074295767 0.079304472
0.780926585 0.107975870 0.103196144 0.078092657
0.984567046 0.036109887 0.060291819 0.098456703
0.883119643 0.067080483 0.041876312 0.088311963
0.903981030 0.067329809 0.077215113 0.090398103
0.987116396 0.096560672 0.080331556 0.098711640
0.772306681 0.016991761 0.209342852 0.077230670
0.944876075 0.112285703 0.143079951 0.094487607
0.929254293 0.033772357 0.225503683 0.092925429
0.892691433 0.107708633 0.203625664 0.089269146
0.996086538 0.092233904 0.222790346 0.099608652
0.911691010 0.235797569 0.184533447 0.091169104
0.918505609 0.185353339 0.191039920 0.091850564
0.880409002 0.224093899 0.236969620 0.088040903
0.517790854 0.282840967 0.016220633 0.051779088
0.621746123 0.308053523 0.051315546 0.062174615
0.559079707 0.337117612 0.003936730 0.055907972
0.610829830 0.366970628 0.039284006 0.061082985
0.618639529 0.348369092 0.124548048 0.061863955
0.743060052 0.251850814 0.090495393 0.074306004
0.622867882 0.454973757 0.037797704 0.062286790
0.553198338 0.436267734 0.079732195 0.055319835
0.557383597 0.462764174 0.090138115 0.055738360
0.512885153 0.480145276 0.092901148 0.051288515
0.652513683 0.488763392 0.097862191 0.065251373
0.704531908 0.460692674 0.096387915 0.070453189
0.510914803 0.368962437 0.185418472 0.051091481
0.619342446 0.279240578 0.222146675 0.061934244
0.664277852 0.356076241 0.155990303 0.066427790
0.708486319 0.341864198 0.127405226 0.070848636
0.671713054 0.261527777 0.206821322 0.067171305
0.694232166 0.281498492 0.213612363 0.069423221
0.528402090 0.498605490 0.185785830 0.052840210
0.606087267 0.439667076 0.169878885 0.060608726
0.602483630 0.486134648 0.205597654 0.060248364
0.657256186 0.413751721 0.208925053 0.065725617
0.681660414 0.428813070 0.236208960 0.068166040
0.695787966 0.380170316 0.201038510 0.069578797
0.951158464 0.369021147 0.019436637 0.095115848
0.889236033 0.311555624 0.101735801 0.088923603
0.907321930 0.336787730 0.080769159 0.090732194
0.773599625 0.427565515 0.015233429 0.077359967
0.854103327 0.422718555 0.046983000 0.085410334
0.809853673 0.446396947 0.027034184 0.080985367
0.829509676 0.261609793 0.166467100 0.082950972
0.843244970 0.277126640 0.180521637 0.084324501
0.851946771 0.321687490 0.176757425 0.085194677
0.883331478 0.292518348 0.153316170 0.088333152
0.890376627 0.368922174 0.242538065 0.089037664
0.941690505 0.342860848 0.236572012 0.094169050
0.788017988 0.416236430 0.149325937 0.078801803
0.907470286 0.499247164 0.160494044 0.090747029
0.995367765 0.398214012 0.188510850 0.099536777
0.980701208 0.428668320 0.248830169 0.098070122
0.945981741 0.485762626 0.248019531 0.094598174
0.584204257 0.124781728 0.338942349 0.058420427
0.649191022 0.100418083 0.281282127 0.064919107
0.682419240 0.058385566 0.329651773 0.068241924
0.664357841 0.216347054 0.288676411 0.066435784
0.693630159 0.221258566 0.372256398 0.069363020
0.529469192 0.006368780 0.427381605 0.052946921
0.618445992 0.005707204 0.492483407 0.061844599
0.502208114 0.088945210 0.474277914 0.050220814
0.523090661 0.108771235 0.496477395 0.052309066
0.732988060 0.065513700 0.412005901 0.073298804
0.675955176 0.031995781 0.468423992 0.067595519
0.684139788 0.111774161 0.450505286 0.068413980
0.704275191 0.067752399 0.475942045 0.070427522
0.549193978 0.143326059 0.492084026 0.054919399
0.591436505 0.231494054 0.449315578 0.059143651
0.707966089 0.230188444 0.426195592 0.070796609
0.659715593 0.132656589 0.466510087 0.065971561
0.757992148 0.037731182 0.321834028 0.075799219
0.777799487 0.157823667 0.306589574 0.077779949
0.821324527 0.157532766 0.264308274 0.082132451
0.928925276 0.152728438 0.354632169 0.092892528
0.942724168 0.237023026 0.338773578 0.094272420
0.766155958 0.114881225 0.431521267 0.076615594
0.754429936 0.088758595 0.466334969 0.075442992
0.915417016 0.094868220 0.384048343 0.091541700
0.929525435 0.123146534 0.406321377 0.092952542
0.957077622 0.093191266 0.435785890 0.095707767
0.902637422 0.210279971 0.424592227 0.090263747
0.993850470 0.155320585 0.480085999 0.099385045
0.993996322 0.195365191 0.473092824 0.099399634
0.502855659 0.346942842 0.278316438 0.050285567
0.583006024 0.283095717 0.313697129 0.058300603
0.726777077 0.256578952 0.322893560 0.072677709
0.697816491 0.299027205 0.341678798 0.069781654
0.680601776 0.329563797 0.374343932 0.068060182
0.592932701 0.454046518 0.279776484 0.059293270
0.517647862 0.380338848 0.336770087 0.051764786
0.666786432 0.447190106 0.313095689 0.066678643
0.687938035 0.457217634 0.352947235 0.068793803
0.547228992 0.291943192 0.389648557 0.054722901
0.634839892 0.356392264 0.411158562 0.063483991
0.722282410 0.293291718 0.484739751 0.072228245
0.741262019 0.460201621 0.393089712 0.074126206
0.801252961 0.282268047 0.361188889 0.080125295
0.853478849 0.276322275 0.352651954 0.085347883
0.905209184 0.352391511 0.291117191 0.090520918
0.760611594 0.483111888 0.293357819 0.076061159
0.775071561 0.480770797 0.287624985 0.077507161
0.790792584 0.349287361 0.450048834 0.079079263
0.785697222 0.391755432 0.425809741 0.078569725
0.867486477 0.439588517 0.376794606 0.086748652
0.950538278 0.434142262 0.480452031 0.095053829
0.998704910 0.484296948 0.497344792 0.099870495
0.027916070 0.536596656 0.058535062 0.002791607
0.019195136 0.568417430 0.078963965 0.001919514
0.246971875 0.579291999 0.004248032 0.024697188
0.142125070 0.518947065 0.093645453 0.014212507
0.054643076 0.675873697 0.098312028 0.005464307
0.056736052 0.706036568 0.090432964 0.005673605
0.247159913 0.655860066 0.022179723 0.024715992
0.208274901 0.637859046 0.094405614 0.020827491
0.051243730 0.586154103 0.243428841 0.005124373
0.234707609 0.570698380 0.180772260 0.023470761
0.181403667 0.536558390 0.209252790 0.018140366
0.196982682 0.551349938 0.212640747 0.019698268
0.139474764 0.586381137 0.205221415 0.013947477
0.083336361 0.729426801 0.161317170 0.008333636
0.080767885 0.746683836 0.174856633 0.008076789
0.004469448 0.744758308 0.229085743 0.000446945
0.158598483 0.707177758 0.177200660 0.015859848
0.209517866 0.636887431 0.193989828 0.020951787
0.186586529 0.718323886 0.211594522 0.018658653
0.204443470 0.690750241 0.204799950 0.020444347
0.270567030 0.540760279 0.038773507 0.027056703
0.259194911 0.597958922 0.075066030 0.025919491
0.372885793 0.569536984 0.119631000 0.037288580
0.403525710 0.589381754 0.047354147 0.040352572
0.402302891 0.562389255 0.091000699 0.040230289
0.359649926 0.660977125 0.026374275 0.035964992
0.471165746 0.641420305 0.000760031 0.047116574
0.494887918 0.735431492 0.013223080 0.049488794
0.444337785 0.629241526 0.116463050 0.044433780
0.364204913 0.536101162 0.138055027 0.036420491
0.372326314 0.562971175 0.182958573 0.037232634
0.376509994 0.513874352 0.229238018 0.037650999
0.430457979 0.637674749 0.196784377 0.043045800
0.408871651 0.642875493 0.243321031 0.040887166
0.486787140 0.702041209 0.232506782 0.048678715
0.065604135 0.777176142 0.068836056 0.006560414
0.187270850 0.751426578 0.113174364 0.018727085
0.023345759 0.923184872 0.056062188 0.002334576
0.020611826 0.953514218 0.084674634 0.002061183
0.229143664 0.993889153 0.023349460 0.022914367
0.226242751 0.964057744 0.031315584 0.022624275
0.214330167 0.931700468 0.114730939 0.021433016
0.041989047 0.853270054 0.199935600 0.004198905
0.176767886 0.762366593 0.198878706 0.017676789
0.131567106 0.875602484 0.207625136 0.013156711
0.041369557 0.949972689 0.131542057 0.004136956
0.178158700 0.898948908 0.162234142 0.017815871
0.149819538 0.939034402 0.130602002 0.014981954
0.200202540 0.976926625 0.224969119 0.020020254
0.345441788 0.820824564 0.022680663 0.034544181
0.373947412 0.814982772 0.032545261 0.037394743
0.304857731 0.787016451 0.071905479 0.030485773
0.287542641 0.970770597 0.067756489 0.028754264
0.377907932 0.993807137 0.063254125 0.037790794
0.280019075 0.800400436 0.130089879 0.028001908
0.295432031 0.799987137 0.177729815 0.029543204
0.450121254 0.802576840 0.186028630 0.045012128
0.463815331 0.830212474 0.185378253 0.046381533
0.407404065 0.801479816 0.231697768 0.040740408
0.385984182 0.842227995 0.188348919 0.038598418
0.312152475 0.911481619 0.128706038 0.031215249
0.381076306 0.934560359 0.163491935 0.038107630
0.379937917 0.982975006 0.185395345 0.037993792
0.456732690 0.943053544 0.137150720 0.045673270
0.384452999 0.931267858 0.230503067 0.038445301
0.385758340 0.940901101 0.236195758 0.038575836
0.012276676 0.607450783 0.257985860 0.001227668
0.056628346 0.506957412 0.340043426 0.005662835
0.075461864 0.619841397 0.365203172 0.007546186
0.187473163 0.516920924 0.290639848 0.018747317
0.214032203 0.548451364 0.296075642 0.021403221
0.203072757 0.525394619 0.323507100 0.020307276
0.174589023 0.587047577 0.372811228 0.017458903
0.005337220 0.632954001 0.323875844 0.000533722
0.096097924 0.743062496 0.368466347 0.009609792
0.098351672 0.533620358 0.388491839 0.009835168
0.004714354 0.566601694 0.430096239 0.000471435
0.138913795 0.507683694 0.399419695 0.013891379
0.029161125 0.636663377 0.378978163 0.002916113
0.085862041 0.646649778 0.430993468 0.008586205
0.053607158 0.671075106 0.466395795 0.005360716
0.165932968 0.750067294 0.498438269 0.016593298
0.348688036 0.520608008 0.269453645 0.034868803
0.345373601 0.529268026 0.295990348 0.034537360
0.284903824 0.592038572 0.293846905 0.028490383
0.395113319 0.515532494 0.269234508 0.039511334
0.407920063 0.709438026 0.283820808 0.040792007
0.403569579 0.706870794 0.359160811 0.040356960
0.285007805 0.611721337 0.400259823 0.028500780
0.303277433 0.504971206 0.466161728 0.030327743
0.426562339 0.590341568 0.376695484 0.042656235
0.391674191 0.505365491 0.496993870 0.039167419
0.266218752 0.645615041 0.484187961 0.026621876
0.286644787 0.630927324 0.492368221 0.028664479
0.427724600 0.694235861 0.458264977 0.042772461
0.113813043 0.869451284 0.283733487 0.011381305
0.082300998 0.751534343 0.313242555 0.008230100
0.245650262 0.783830106 0.264133275 0.024565026
0.191269681 0.779128611 0.317922622 0.019126968
0.058502536 0.975974441 0.261096537 0.005850254
0.107165590 0.990103960 0.307378083 0.010716559
0.075716347 0.903696299 0.323173344 0.007571635
0.234587222 0.759927154 0.442344189 0.023458723
0.114768356 0.983229220 0.458573192 0.011476836
0.212508440 0.994643152 0.418814242 0.021250844
0.459132731 0.796178937 0.352697074 0.045913275
0.388531893 0.822612405 0.322804809 0.038853191
0.250646353 0.949583113 0.325961322 0.025064636
0.439143986 0.919356883 0.276728690 0.043914400
0.413206667 0.898972988 0.325377434 0.041320667
0.266926229 0.795848727 0.413457781 0.026692623
0.360502690 0.824956179 0.460685432 0.036050271
0.431931525 0.766990304 0.389048725 0.043193154
0.487637550 0.752281964 0.402625293 0.048763756
0.498223752 0.759430349 0.462432474 0.049822375
0.494702905 0.804115832 0.474977762 0.049470291
0.731258035 0.555530787 0.027012920 0.073125802
0.713028073 0.577490926 0.065907843 0.071302809
0.595652342 0.734768450 0.006597782 0.059565235
0.608599305 0.697252512 0.077302612 0.060859930
0.650633872 0.749022126 0.045991588 0.065063387
0.597222269 0.516567171 0.215185851 0.059722226
0.743210673 0.521642387 0.200164929 0.074321069
0.628816962 0.624789834 0.231081173 0.062881701
0.742818832 0.608796954 0.237585396 0.074281886
0.510734916 0.686522484 0.126450062 0.051073492
0.507419884 0.665848792 0.185640618 0.050741989
0.639775991 0.628268301 0.140386537 0.063977599
0.717671752 0.733942509 0.138112068 0.071767174
0.665070832 0.634090662 0.189123496 0.066507086
0.827795804 0.531768620 0.002686533 0.082779579
0.940762043 0.525430441 0.053139314 0.094076209
0.984183729 0.531935811 0.072670162 0.098418377
0.761174262 0.643471718 0.022047287 0.076117426
0.755769193 0.734583259 0.069033258 0.075576924
0.995291650 0.724038005 0.039471202 0.099529169
0.793864310 0.624789953 0.235531807 0.079386435
0.980288625 0.511800885 0.141844735 0.098028861
0.904612184 0.533429742 0.188070312 0.090461217
0.799004018 0.722176433 0.178864464 0.079900406
0.790570855 0.645608902 0.188220993 0.079057090
0.999724090 0.680204511 0.151546150 0.099972412
0.578749835 0.831950843 0.099469498 0.057874985
0.662236094 0.799879968 0.005286999 0.066223614
0.688587844 0.822772205 0.037254930 0.068858787
0.732111871 0.771748602 0.076735891 0.073211186
0.673051178 0.854821503 0.088685974 0.067305118
0.713801324 0.904913425 0.076766752 0.071380131
0.750657737 0.999629438 0.112508081 0.075065777
0.542433083 0.786914885 0.169040561 0.054243308
0.602779448 0.766322434 0.150473610 0.060277946
0.538394153 0.825570881 0.132887170 0.053839415
0.592358947 0.759363711 0.244738415 0.059235897
0.640276968 0.808480918 0.181936100 0.064027697
0.664516449 0.872287095 0.170789793 0.066451646
0.603133976 0.881382585 0.217770651 0.060313400
0.529903531 0.972865880 0.209612221 0.052990355
0.969791293 0.795488179 0.011286989 0.096979134
0.913921356 0.897558451 0.045027845 0.091392137
0.998008788 0.882435024 0.019704267 0.099800877
0.992105186 0.909117818 0.027286200 0.099210523
0.968551099 0.929731488 0.069093749 0.096855111
0.876281738 0.996977150 0.082747586 0.087628178
0.956722319 0.942368746 0.081862271 0.095672235
0.838905931 0.828618050 0.220700577 0.083890595
0.979527533 0.772558570 0.175082564 0.097952753
0.834432781 0.905205071 0.153709039 0.083443277
0.925482512 0.966401815 0.183087572 0.092548251
0.999999881 0.994492888 0.167049959 0.099999987
0.918499470 0.886913776 0.215212643 0.091849945
0.903791487 0.919169486 0.230932906 0.090379149
0.523700714 0.557317495 0.273392320 0.052370071
0.524819016 0.537721217 0.339491218 0.052481901
0.533645332 0.592702270 0.332368374 0.053364534
0.672050774 0.563471019 0.310303032 0.067205079
0.541186929 0.633575499 0.321692973 0.054118693
0.522418559 0.666950643 0.373472273 0.052241858
0.578373134 0.650335133 0.327493042 0.057837315
0.610692561 0.741756320 0.320126116 0.061069258
0.739898741 0.653503954 0.289555401 0.073989876
0.693018854 0.713145792 0.259351224 0.069301888
0.686286271 0.725101411 0.371681809 0.068628632
0.569381118 0.596288264 0.432166338 0.056938112
0.529997826 0.526288807 0.487932563 0.052999783
0.593287468 0.580233216 0.438135833 0.059328746
0.595257819 0.690112352 0.413736463 0.059525784
0.568596601 0.727484703 0.414769799 0.056859661
0.617030144 0.662644207 0.497452617 0.061703015
0.641000807 0.748926401 0.426955551 0.064100079
0.646261275 0.677269340 0.467855632 0.064626127
0.709882677 0.746585786 0.442846507 0.070988268
0.870761991 0.551683128 0.297379732 0.087076202
0.858891129 0.532831967 0.332491994 0.085889116
0.908133864 0.528417826 0.257797778 0.090813391
0.849674761 0.649837136 0.289498359 0.084967479
0.838738203 0.730694294 0.345539689 0.083873823
0.998521626 0.638195157 0.317114174 0.099852167
0.944681942 0.742088318 0.346265107 0.094468199
0.940120995 0.581786752 0.427902073 0.094012104
0.982756019 0.616404712 0.471224606 0.098275602
0.829229653 0.745716810 0.494926929 0.082922965
0.996472657 0.732062340 0.381242573 0.099647269
0.533298790 0.864937007 0.374170095 0.053329881
0.607401013 0.853004038 0.358358204 0.060740102
0.684216380 0.808607876 0.312253684 0.068421640
0.577777445 0.894581318 0.335693181 0.057777744
0.592279017 0.901273251 0.360199869 0.059227902
0.705928683 0.882564902 0.291587889 0.070592873
0.721633494 0.971231937 0.338221163 0.072163351
0.713657022 0.939225852 0.371101677 0.071365707
0.659563601 0.795476139 0.429558009 0.065956362
0.732692361 0.792181671 0.402026951 0.073269241
0.698675692 0.773269236 0.478885502 0.069867574
0.763621986 0.796157360 0.312238395 0.076362200
0.870996535 0.874381483 0.267824531 0.087099656
0.754673898 0.864252448 0.330435306 0.075467393
0.947521150 0.793795526 0.304079503 0.094752118
0.937619686 0.838811159 0.253369004 0.093761973
0.965359271 0.857393980 0.265301168 0.096535929
0.872468114 0.909806728 0.279548794 0.087246813
0.896560848 0.887848198 0.319394082 0.089656085
0.877851725 0.781720519 0.430586487 0.087785177
0.769694686 0.932247043 0.498433113 0.076969467
0.865425050 0.931541562 0.441999882 0.086542509
0.863105416 0.960917652 0.456231803 0.086310543
0.887797713 0.882381201 0.423794866 0.088779770
0.880361259 0.917745292 0.482525259 0.088036127
0.924134851 0.912400305 0.476145267 0.092413485
0.016637031 0.086190671 0.510048509 0.001663703
0.041496407 0.073119804 0.565915883 0.004149641
0.213400960 0.077945739 0.518860400 0.021340096
0.240975231 0.115152970 0.548880458 0.024097523
0.180711731 0.136345997 0.557713568 0.018071173
0.245513648 0.189006001 0.508846641 0.024551366
0.171576977 0.192114949 0.580718398 0.017157698
0.126374349 0.216270760 0.605868876 0.012637435
0.228941545 0.237588286 0.624155641 0.022894155
0.020510508 0.062742420 0.639357567 0.002051051
0.052890193 0.062516324 0.725487947 0.005289020
0.177665859 0.108526200 0.668385148 0.017766586
0.166540787 0.090090089 0.738688707 0.016654080
0.085044138 0.165661186 0.631247044 0.008504414
0.117548011 0.159985930 0.681109667 0.011754801
0.114813723 0.173142150 0.744930983 0.011481373
0.065530002 0.198643759 0.732867539 0.006553000
0.203955546 0.137964278 0.674003303 0.020395555
0.163828209 0.151347503 0.695548654 0.016382821
0.224301130 0.239516288 0.690588117 0.022430113
0.323136359 0.115214430 0.515698314 0.032313637
0.254356921 0.062948227 0.573975861 0.025435692
0.262229413 0.075316541 0.604747355 0.026222942
0.459200263 0.056401238 0.544153333 0.045920026
0.384435445 0.082793199 0.510645270 0.038443547
0.394794226 0.112189680 0.507972181 0.039479423
0.346754909 0.206760928 0.556604445 0.034675490
0.304825783 0.246019080 0.587321997 0.030482579
0.312884480 0.246122673 0.587786138 0.031288449
0.385825098 0.163090736 0.552748024 0.038582511
0.446544558 0.152629808 0.593603015 0.044654455
0.409464240 0.248049617 0.602744102 0.040946424
0.268401593 0.013997098 0.653961182 0.026840160
0.415529430 0.021165606 0.684950054 0.041552942
0.444761783 0.096054100 0.627349198 0.044476178
0.439706296 0.063240387 0.676632941 0.043970630
0.302173108 0.198208809 0.737531185 0.030217310
0.476501048 0.181675345 0.650815606 0.047650106
0.043904360 0.307358593 0.506637454 0.004390436
0.063006260 0.375288665 0.558698833 0.006300626
0.224033743 0.333067566 0.503841579 0.022403374
0.141643614 0.278896630 0.619313776 0.014164361
0.081962027 0.389147878 0.557505071 0.008196203
0.064292565 0.466316074 0.543292403 0.006429256
0.136199519 0.487301230 0.518424392 0.013619952
0.156998590 0.479036182 0.555672467 0.015699860
0.222957447 0.378914922 0.602838278 0.022295745
0.052480917 0.306388617 0.685546339 0.005248092
0.112516604 0.288966835 0.717559814 0.011251661
0.104582742 0.313556999 0.709342301 0.010458275
0.177214175 0.305310398 0.638267636 0.017721418
0.143405870 0.344982088 0.630696058 0.014340587
0.145890638 0.287226170 0.694293261 0.014589064
0.013349799 0.408169031 0.727491319 0.001334980
0.164393127 0.420410633 0.641162217 0.016439313
0.224078506 0.493624270 0.737820804 0.022407850
0.393721670 0.339096844 0.543346763 0.039372168
0.496558249 0.363023698 0.517197490 0.049655825
0.398009241 0.304108232 0.607991755 0.039800923
0.439173132 0.326812863 0.583531797 0.043917313
0.277961165 0.463230759 0.611973524 0.027796118
0.291218817 0.423083693 0.672876716 0.029121881
0.289811581 0.495300531 0.652343869 0.028981159
0.433746964 0.399426669 0.725214660 0.043374699
0.009012407 0.037928581 0.850658178 0.000901241
0.019765619 0.106271729 0.842604339 0.001976562
0.250130892 0.068193786 0.782193184 0.025013089
0.150048956 0.013441457 0.832613587 0.015004896
0.142300874 0.005694104 0.860111594 0.014230087
0.084443487 0.171506390 0.785291553 0.008444349
0.046222966 0.228890672 0.781536579 0.004622297
0.089208409 0.179234415 0.824397206 0.008920841
0.086722255 0.170140967 0.874296248 0.008672225
0.115768231 0.248302996 0.834023058 0.011576823
0.168946996 0.240553617 0.763472378 0.016894700
0.171556979 0.227047250 0.797546923 0.017155698
0.186968118 0.138340577 0.837726593 0.018696813
0.137313008 0.236204669 0.835329533 0.013731301
0.246322468 0.231584921 0.835704982 0.024632247
0.119927362 0.013629897 0.928804874 0.011992737
0.114190303 0.080108501 0.917634249 0.011419031
0.244370490 0.008325496 0.880028367 0.024437049
0.222805291 0.034429166 0.930340230 0.022280529
0.162108198 0.124752611 0.933374524 0.016210821
0.259141982 0.042981844 0.776701689 0.025914198
0.361067414 0.085387789 0.753838480 0.036106743
0.328148693 0.065334983 0.784839213 0.032814872
0.335439563 0.002648825 0.861468196 0.033543956
0.414018482 0.086174950 0.751013577 0.041401848
0.423030108 0.086880073 0.787935972 0.042303011
0.382134676 0.023447316 0.825397909 0.038213469
0.456237793 0.053817835 0.840655327 0.045623779
0.487270504 0.034655806 0.870464027 0.048727050
0.455430597 0.090900719 0.868796706 0.045543060
0.266562134 0.221474454 0.793094933 0.026656214
0.333392799 0.204342693 0.826255143 0.033339281
0.373520344 0.201276839 0.834603965 0.037352037
0.464339882 0.149899051 0.776872277 0.046433989
0.377145231 0.177038372 0.819574893 0.037714522
0.482487470 0.153277844 0.875157535 0.048248749
0.295353979 0.031426270 0.977436185 0.029535398
0.418658763 0.076649405 0.943613291 0.041865878
0.297946125 0.157442033 0.884325087 0.029794613
0.015066387 0.269618541 0.756261587 0.001506639
0.064640269 0.250456035 0.762873113 0.006464027
0.235281482 0.272147059 0.810577512 0.023528149
0.109680779 0.400898993 0.795975208 0.010968078
0.152399153 0.459651947 0.858538091 0.015239916
0.006635166 0.286132157 0.884990036 0.000663517
0.031288452 0.324956179 0.959775090 0.003128845
0.005084531 0.435414433 0.890510380 0.000508453
0.084613770 0.391350418 0.876456559 0.008461378
0.035826989 0.404630989 0.943145573 0.003582699
0.103672549 0.377576351 0.988370299 0.010367255
0.313487291 0.345316857 0.790376484 0.031348731
0.337561816 0.445977062 0.758634329 0.033756182
0.333251476 0.382379025 0.818069875 0.033325147
0.293290913 0.445875376 0.850756824 0.029329091
0.332072675 0.479933590 0.873712122 0.033207268
0.487774909 0.382958382 0.784668326 0.048777491
0.383843064 0.489150286 0.772868574 0.038384307
0.407375008 0.398766696 0.866741419 0.040737502
0.289951682 0.257585287 0.899376631 0.028995169
0.261135072 0.250998050 0.927572787 0.026113508
0.334534943 0.336763084 0.890405118 0.033453494
0.319245934 0.320915371 0.905889452 0.031924594
0.361692846 0.275795847 0.941704929 0.036169287
0.402814448 0.255638242 0.913169503 0.040281445
0.394817978 0.258766711 0.928170562 0.039481800
0.463557094 0.364938170 0.930511057 0.046355709
0.395211458 0.252263010 0.987177610 0.039521147
0.543391705 0.060960520 0.625242651 0.054339170
0.597089648 0.114491373 0.613150597 0.059708964
0.670714378 0.052693803 0.582559228 0.067071438
0.687018037 0.048840713 0.590024054 0.068701804
0.540679693 0.148112521 0.539484024 0.054067969
0.563136816 0.175955266 0.536839783 0.056313682
0.604197085 0.197251707 0.537348092 0.060419708
0.602642298 0.147491872 0.580531240 0.060264230
0.524870276 0.012069906 0.626460493 0.052487027
0.525989234 0.027629079 0.683309853 0.052598923
0.518284202 0.095516816 0.692194283 0.051828422
0.659381926 0.025619511 0.679394901 0.065938197
0.734004200 0.116191328 0.671553373 0.073400423
0.515012085 0.147016585 0.637773991 0.051501211
0.611840129 0.133572102 0.658739150 0.061184015
0.702826381 0.131003708 0.680266976 0.070282638
0.633158445 0.190003917 0.679378211 0.063315846
0.659653783 0.148261026 0.708237290 0.065965377
0.753973246 0.043163210 0.531318307 0.075397328
0.852561772 0.008297577 0.532341242 0.085256182
0.841749132 0.071005546 0.508781075 0.084174916
0.847051322 0.013146751 0.606799901 0.084705137
0.856520772 0.114698030 0.588498950 0.085652076
0.896708488 0.014657613 0.537654638 0.089670852
0.876823008 0.122879848 0.533095002 0.087682299
0.951214671 0.084782891 0.554909706 0.095121466
0.950365543 0.094063736 0.550716519 0.095036559
0.965425074 0.034919981 0.622376978 0.096542507
0.793938935 0.226317242 0.559695840 0.079393893
0.790188313 0.181198299 0.623001873 0.079018831
0.790375054 0.195637360 0.611244142 0.079037510
0.961533844 0.200587720 0.569776177 0.096153386
0.805225968 0.061500560 0.693646789 0.080522597
0.907855392 0.088680081 0.676195323 0.090785541
0.960661292 0.082217947 0.742706835 0.096066132
0.795574486 0.174942508 0.649913907 0.079557449
0.800276220 0.132122397 0.680248976 0.080027625
0.869076490 0.191287741 0.650530756 0.086907648
0.856978774 0.221927911 0.682491183 0.085697882
0.763526022 0.163342372 0.699307680 0.076352604
0.775106490 0.166346267 0.700921357 0.077510647
0.886954129 0.163465261 0.631976724 0.088695414
0.679275393 0.302242011 0.524516284 0.067927539
0.693154871 0.278231591 0.516707659 0.069315486
0.738586128 0.292360753 0.546422958 0.073858611
0.709273219 0.326294303 0.551720142 0.070927322
0.750499666 0.369156897 0.572159588 0.075049967
0.625393867 0.387863845 0.575091064 0.062539391
0.628108084 0.404312640 0.575407803 0.062810808
0.541966915 0.285444498 0.690922797 0.054196693
0.567012966 0.282047361 0.708153248 0.056701299
0.561793923 0.355342180 0.721816957 0.056179393
0.639188349 0.259652019 0.662458241 0.063918836
0.717890978 0.316352457 0.649876773 0.071789101
0.594113529 0.454675585 0.645872116 0.059411354
0.600680292 0.439698070 0.665380895 0.060068030
0.791370630 0.250430048 0.508132279 0.079137065
0.852173686 0.275725186 0.530003846 0.085217372
0.807654023 0.268247247 0.563280582 0.080765404
0.754061639 0.309183240 0.584743917 0.075406164
0.816210091 0.277798563 0.613778174 0.081621014
0.927375615 0.349394232 0.608555317 0.092737563
0.761522651 0.461261123 0.535204411 0.076152265
0.915073097 0.493226647 0.542922199 0.091507308
0.788308024 0.416888624 0.630664349 0.078830801
0.911363542 0.430189610 0.682561278 0.091136359
0.979375243 0.422318459 0.734277546 0.097937524
0.602786839 0.123361975 0.805895805 0.060278684
0.559735715 0.003809077 0.867965579 0.055973571
0.693668008 0.047725733 0.768943965 0.069366805
0.743408501 0.071281120 0.811021268 0.074340850
0.638376355 0.064155698 0.859848380 0.063837640
0.571549177 0.249399930 0.784375310 0.057154920
0.588265836 0.181160867 0.815888226 0.058826584
0.564545870 0.194481850 0.833369792 0.056454588
0.688719273 0.167529300 0.806544840 0.068871930
0.538068116 0.086385235 0.901802182 0.053806812
0.741294026 0.003064684 0.935366452 0.074129403
0.718072236 0.064944983 0.959343016 0.071807228
0.733030677 0.122537062 0.986524403 0.073303066
0.560838044 0.213129640 0.980929077 0.056083806
0.636431038 0.163949177 0.990530849 0.063643105
0.812102973 0.021975860 0.796716034 0.081210300
0.845333815 0.110000677 0.842836440 0.084533386
0.976157665 0.107535519 0.846890986 0.097615771
0.865388751 0.179296523 0.822459340 0.086538874
0.914238632 0.212607965 0.798829913 0.091423862
0.879579484 0.180684894 0.840313137 0.087957948
0.872119844 0.098131284 0.895217836 0.087211989
0.828120589 0.207948625 0.887816548 0.082812063
0.795987844 0.130202234 0.992322505 0.079598784
0.825489223 0.191066399 0.966273248 0.082548924
0.881424606 0.246853933 0.886215210 0.088142462
0.898223400 0.141430020 0.968447208 0.089822344
0.948294818 0.139897183 0.976903617 0.094829485
0.614183605 0.255987912 0.792233825 0.061418362
0.627380848 0.300092876 0.783963859 0.062738083
0.710307658 0.260939211 0.797362626 0.071030766
0.747308850 0.346787840 0.795501471 0.074730888
0.716461122 0.295557201 0.841471910 0.071646117
0.643023252 0.375232965 0.870270252 0.064302325
0.525045574 0.476181656 0.765250385 0.052504558
0.527302206 0.405001342 0.819870532 0.052730221
0.597263157 0.489815295 0.873766363 0.059726316
0.626181006 0.384656787 0.767252982 0.062618099
0.740330100 0.475333065 0.802943349 0.074033014
0.725641370 0.434916049 0.832352996 0.072564140
0.707370460 0.479829341 0.842183530 0.070737049
0.608508646 0.320169002 0.878545821 0.060850866
0.565977991 0.322946429 0.947206080 0.056597799
0.658413649 0.285448939 0.905294895 0.065841369
0.742108464 0.316502720 0.903236985 0.074210845
0.626324654 0.317953646 0.941158891 0.062632464
0.603248000 0.384183586 0.926613033 0.060324799
0.591005981 0.451159209 0.905828774 0.059100598
0.590841055 0.488282949 0.905622303 0.059084106
0.696181715 0.387602925 0.980164051 0.069618173
0.833446622 0.302870780 0.874989688 0.083344661
0.757957220 0.353189707 0.820030332 0.075795725
0.853438973 0.352548122 0.850492001 0.085343897
0.924804986 0.261499465 0.840297699 0.092480503
0.975642800 0.253254592 0.852256536 0.097564280
0.823091030 0.426526546 0.863608956 0.082309105
0.989733458 0.423437685 0.760783494 0.098973349
0.791143596 0.293155521 0.910213172 0.079114363
0.836885273 0.287727624 0.900692642 0.083688527
0.797421634 0.339767218 0.903235257 0.079742163
0.886336803 0.364667803 0.879439294 0.088633679
0.846003532 0.436554432 0.919442356 0.084600352
0.959259152 0.399017215 0.960253119 0.095925920
0.887436926 0.467712671 0.958983183 0.088743694
0.006992059 0.513694346 0.539695024 0.000699206
0.004238083 0.576505899 0.516599000 0.000423808
0.237461880 0.522250175 0.539603293 0.023746189
0.158202693 0.602505624 0.547700107 0.015820270
0.136635467 0.530538023 0.601436377 0.013663547
0.063924946 0.721087039 0.591283619 0.006392495
0.132888138 0.643483937 0.612924814 0.013288814
0.152030453 0.662004352 0.610857904 0.015203046
0.210161388 0.700226188 0.617018759 0.021016140
0.065724492 0.587115705 0.661063492 0.006572449
0.088926896 0.590265632 0.712364852 0.008892690
0.153312072 0.527038574 0.679207802 0.015331208
0.142023638 0.622892976 0.665702820 0.014202364
0.033428639 0.633954704 0.626622617 0.003342864
0.048759583 0.673918068 0.698151231 0.004875958
0.019260306 0.714294493 0.710351408 0.001926031
0.039458346 0.693847358 0.705619752 0.003945834
0.176600575 0.686740994 0.675907373 0.017660057
0.136058703 0.689703643 0.685413957 0.013605870
0.247678742 0.700641513 0.666820705 0.024767874
0.202765957 0.715806484 0.694388926 0.020276597
0.260622442 0.506589293 0.571549714 0.026062245
0.308355898 0.647273362 0.533535302 0.030835589
0.330129862 0.699107349 0.611732006 0.033012986
0.395633668 0.633187413 0.589075625 0.039563369
0.355462998 0.554818869 0.660968602 0.035546299
0.359316289 0.555918097 0.722114623 0.035931628
0.360870600 0.585065663 0.704175532 0.036087062
0.389148802 0.602528393 0.648084998 0.038914882
0.469010264 0.594448686 0.633574665 0.046901029
0.396687597 0.506488442 0.704761863 0.039668761
0.318693191 0.639155746 0.688107133 0.031869318
0.275667191 0.730803967 0.638666570 0.027566720
0.365781635 0.645515800 0.694589376 0.036578164
0.318238080 0.670996845 0.689877748 0.031823810
0.322919786 0.660411716 0.733147383 0.032291979
0.475621462 0.724113524 0.684088707 0.047562148
0.106932968 0.761295974 0.517473340 0.010693297
0.107453048 0.865936160 0.603526413 0.010745305
0.150728971 0.837926447 0.548032880 0.015072897
0.071159147 0.923195720 0.579371035 0.007115915
0.177435607 0.994355679 0.543971062 0.017743561
0.246191636 0.916566133 0.564345241 0.024619164
0.160427257 0.984371245 0.584137797 0.016042726
0.025229070 0.832522154 0.677761555 0.002522907
0.116443403 0.839399576 0.657522917 0.011644340
0.116981469 0.812677145 0.737540722 0.011698147
0.146772623 0.861628294 0.659690797 0.014677263
0.149258599 0.861753047 0.681844592 0.014925860
0.203473136 0.851519406 0.692696571 0.020347314
0.007455939 0.905652225 0.739720583 0.000745594
0.008637988 0.964341819 0.744632304 0.000863799
0.110293835 0.993821084 0.736310959 0.011029384
0.135026857 0.881204903 0.641876101 0.013502686
0.253771454 0.802293420 0.506900847 0.025377145
0.291931421 0.822305441 0.506585658 0.029193142
0.405580372 0.769520581 0.528780758 0.040558036
0.462136298 0.780686915 0.537300944 0.046213631
0.412250757 0.755703986 0.587964416 0.041225076
0.473592967 0.805526376 0.563837767 0.047359299
0.471292555 0.762499452 0.612148523 0.047129255
0.454018146 0.910577953 0.508697748 0.045401815
0.480080545 0.968378127 0.580661833 0.048008054
0.459425926 0.949298918 0.609138012 0.045942593
0.293776035 0.863389134 0.656274498 0.029377604
0.456459999 0.780109048 0.645126998 0.045646001
0.454140216 0.802606940 0.639429510 0.045414023
0.354062647 0.957753599 0.722859979 0.035406265
0.386192679 0.907308280 0.678296626 0.038619269
0.467856139 0.883401275 0.664118826 0.046785615
0.478008509 0.948036551 0.671318650 0.047800850
0.375626862 0.883816838 0.723496377 0.037562687
0.432142913 0.970804393 0.699272513 0.043214291
0.064563587 0.549104214 0.809602499 0.006456359
0.083353557 0.559649348 0.834826291 0.008335356
0.010412395 0.616764247 0.827450514 0.001041239
0.195076317 0.528905213 0.784059763 0.019507632
0.142105639 0.580965281 0.774575114 0.014210564
0.141774178 0.581215382 0.847339690 0.014177418
0.069724411 0.667146325 0.821353376 0.006972441
0.077161655 0.670399368 0.848370612 0.007716165
0.061170034 0.738762856 0.823029697 0.006117004
0.172209918 0.745204508 0.767151833 0.017220993
0.199762046 0.713675797 0.844344914 0.019976204
0.183433846 0.535391748 0.895347118 0.018343385
0.218114138 0.587700725 0.901892781 0.021811415
0.040929165 0.691779375 0.883218884 0.004092916
0.008301100 0.702409267 0.998910069 0.000830110
0.231044099 0.729897499 0.883431017 0.023104411
0.184410781 0.693045020 0.977125049 0.018441079
0.193650678 0.711647689 0.944481850 0.019365069
0.288030803 0.535492361 0.750783622 0.028803080
0.362671703 0.525136650 0.870842934 0.036267173
0.300792843 0.571560979 0.820317030 0.030079285
0.315150261 0.618566871 0.842822611 0.031515028
0.433522046 0.543033123 0.752927303 0.043352205
0.470874935 0.604623616 0.787243426 0.047087494
0.414401203 0.560768068 0.835932136 0.041440122
0.323915780 0.738266706 0.873328328 0.032391578
0.377983510 0.641706407 0.809360743 0.037798353
0.488174558 0.674354732 0.778723896 0.048817456
0.448047340 0.692773044 0.847537875 0.044804733
0.415353894 0.548422337 0.893699706 0.041535389
0.445226550 0.530337930 0.943476498 0.044522654
0.478128105 0.721157253 0.980394423 0.047812812
0.119073339 0.789185166 0.757205546 0.011907334
0.033307128 0.768449664 0.834180892 0.003330713
0.049549736 0.815289080 0.819026113 0.004954974
0.204280913 0.843815148 0.801966190 0.020428091
0.068653502 0.973085940 0.830819130 0.006865350
0.076729357 0.803007483 0.974208295 0.007672936
0.204009846 0.759273767 0.903125107 0.020400984
0.145674407 0.849079609 0.920787156 0.014567441
0.028877204 0.931551099 0.904281080 0.002887720
0.075821720 0.990385771 0.911317170 0.007582172
0.046920467 0.897826791 0.996005356 0.004692047
0.019720457 0.926249087 0.970524192 0.001972046
0.144351617 0.997243047 0.919289947 0.014435162
0.180003539 0.950776994 0.957433641 0.018000355
0.271028697 0.826060355 0.759827852 0.027102871
0.357954443 0.818789601 0.794010401 0.035795446
0.488715917 0.806753635 0.803449094 0.048871592
0.404072523 0.984480262 0.846312523 0.040407252
0.339247972 0.838763177 0.937242508 0.033924799
0.354454458 0.871453166 0.916672587 0.035445448
0.359548539 0.767665327 0.972390413 0.035954855
0.483308166 0.768617034 0.913852513 0.048330817
0.387185127 0.813634157 0.935858130 0.038718514
0.498784363 0.820055544 0.902145088 0.049878437
0.452296466 0.802095950 0.973311365 0.045229647
0.307139575 0.934432507 0.990691066 0.030713959
0.339808673 0.904828072 0.954807818 0.033980869
0.315964699 0.932049870 0.980758011 0.031596471
0.408876479 0.876196504 0.880143166 0.040887650
0.503025830 0.558649838 0.587734878 0.050302584
0.734636009 0.613940239 0.508096933 0.073463604
0.654752791 0.573379219 0.588789880 0.065475278
0.747790039 0.573441386 0.590493441 0.074779004
0.529668510 0.627779543 0.546848059 0.052966852
0.676798403 0.736997902 0.625156105 0.067679845
0.541163623 0.509678662 0.699235797 0.054116365
0.548208356 0.566773951 0.745583892 0.054820836
0.648868084 0.512329102 0.638320267 0.064886808
0.657548785 0.537313223 0.647695363 0.065754883
0.744805872 0.524779797 0.646877229 0.074480586
0.718912363 0.617321908 0.745745420 0.071891241
0.521237016 0.631593108 0.632242739 0.052123703
0.620530903 0.646012783 0.681806386 0.062053092
0.716884375 0.725730777 0.749465942 0.071688436
0.808779240 0.581436753 0.534789085 0.080877922
0.856882393 0.570995688 0.533406436 0.085688241
0.855368853 0.509386837 0.611683905 0.085536890
0.836417675 0.718351364 0.539546013 0.083641768
0.777602315 0.641722023 0.564147353 0.077760234
0.788310111 0.517095268 0.705322623 0.078831010
0.956775546 0.512495935 0.692097306 0.095677555
0.800453544 0.694013178 0.710192621 0.080045357
0.904801905 0.693121254 0.655998945 0.090480193
0.955475211 0.744725287 0.635557413 0.095547520
0.941201568 0.741702378 0.715944827 0.094120160
0.507589579 0.855887055 0.523778081 0.050758958
0.579972625 0.858291507 0.589881897 0.057997264
0.534149289 0.919133842 0.509999633 0.053414930
0.598371029 0.967320085 0.508880556 0.059837103
0.714568019 0.914183199 0.538340449 0.071456805
0.629320145 0.912941456 0.598451555 0.062932014
0.589563191 0.804016232 0.668228507 0.058956321
0.614237785 0.872711897 0.674735963 0.061423779
0.549934089 0.868341446 0.709708393 0.054993410
0.501457095 0.836687386 0.735526443 0.050145712
0.670894861 0.767119884 0.642702758 0.067089491
0.716120780 0.864860296 0.672121465 0.071612082
0.672805607 0.998294711 0.682606459 0.067280561
0.697623014 0.959781945 0.634546399 0.069762304
0.649933100 0.920650005 0.696361065 0.064993314
0.744481862 0.885328770 0.704769075 0.074448191
0.756641388 0.836723983 0.502674341 0.075664140
0.839817822 0.846193552 0.609462976 0.083981782
0.909526646 0.759722173 0.547893941 0.090952665
0.968963444 0.835067749 0.554432750 0.096896343
0.877292335 0.779403031 0.565046966 0.087729238
0.856433988 0.924293756 0.584232271 0.085643403
0.818563759 0.891334772 0.621254086 0.081856377
0.768328071 0.964877129 0.582952321 0.076832809
0.863085091 0.979441047 0.599372387 0.086308509
0.893081427 0.932890117 0.539653540 0.089308143
0.877585649 0.935894787 0.576355278 0.087758563
0.770666599 0.846194565 0.658397436 0.077066660
0.794842839 0.857879162 0.686209083 0.079484284
0.872694373 0.830801845 0.635094941 0.087269440
0.848870873 0.846153736 0.687509537 0.084887087
0.760058165 0.768219769 0.737745464 0.076005816
0.803853869 0.830824077 0.708056748 0.080385387
0.810110629 0.849407375 0.742017269 0.081011064
0.971552968 0.833993256 0.687854171 0.097155295
0.912779510 0.780400634 0.717910886 0.091277950
0.773070574 0.890382409 0.649761498 0.077307060
0.806714654 0.923799157 0.709045291 0.080671467
0.892604232 0.898400426 0.687069237 0.089260422
0.505844295 0.611190319 0.768152416 0.050584432
0.576404333 0.612205565 0.775470078 0.057640433
0.691545367 0.585628450 0.869682789 0.069154538
0.618749380 0.651071548 0.874528110 0.061874937
0.632443309 0.671289444 0.813169539 0.063244335
0.731675804 0.723701537 0.796779752 0.073167585
0.684875727 0.636983156 0.814689219 0.068487577
0.516822815 0.553437293 0.972663760 0.051682282
0.537519932 0.624369919 0.961242735 0.053751994
0.551420391 0.612810671 0.985008478 0.055142041
0.714125693 0.560188949 0.881719053 0.071412571
0.676712871 0.607463896 0.888761699 0.067671292
0.667494357 0.618755341 0.938159764 0.066749439
0.722909510 0.565991521 0.976402521 0.072290950
0.591156960 0.736527979 0.942985535 0.059115697
0.716012657 0.646495104 0.963890553 0.071601264
0.862123072 0.543779075 0.759860992 0.086212307
0.899847150 0.522442460 0.819259524 0.089984715
0.906290352 0.543034494 0.818517923 0.090629034
0.804617882 0.709676862 0.811360538 0.080461793
0.847708762 0.748912930 0.775545001 0.084770881
0.931110978 0.657843769 0.776793480 0.093111098
0.991291046 0.611504257 0.922259867 0.099129103
0.812075317 0.688382387 0.906540811 0.081207536
0.797719300 0.708001077 0.920214534 0.079771928
0.761361361 0.672970951 0.982030451 0.076136135
0.565656364 0.798694789 0.796399832 0.056565639
0.563501418 0.778269589 0.852536917 0.056350142
0.667643070 0.798882425 0.853389621 0.066764310
0.522941887 0.926845908 0.778651536 0.052294191
0.736962020 0.894714653 0.771598279 0.073696204
0.748751342 0.975880980 0.752045035 0.074875139
0.678770840 0.948454797 0.862394392 0.067877084
0.605681717 0.862463772 0.988232434 0.060568172
0.633315504 0.773879707 0.947459579 0.063331552
0.618176222 0.984958172 0.915732920 0.061817624
0.576099098 0.878435493 0.960802853 0.057609912
0.618692338 0.898738205 0.991260290 0.061869234
0.845826209 0.875697672 0.800991356 0.084582619
0.801698565 0.792708755 0.843656361 0.080169857
0.772531450 0.864843667 0.869299531 0.077253148
0.791259885 0.906503022 0.808640420 0.079125993
0.860805571 0.945718408 0.774714589 0.086080559
0.834910870 0.983774006 0.754926085 0.083491087
0.767849982 0.885746241 0.855924010 0.076784998
0.949595630 0.930348039 0.831184745 0.094959565
0.995772183 0.918705523 0.833288074 0.099577218
0.769400954 0.753659546 0.900227249 0.076940097
0.857694805 0.785957932 0.974117279 0.085769482
0.911972404 0.821237326 0.946471274 0.091197245
0.946465492 0.834786117 0.959664702 0.094646551
0.824406087 0.907499611 0.914727747 0.082440607
0.834702909 0.944498420 0.882230043 0.083470292
0.836402059 0.963744581 0.915195823 0.083640210
0.754468799 0.964429975 0.999053717 0.075446881
0.879616022 0.945472598 0.907960296 0.087961607
